%YAML:1.0
---
Size: [ 1280, 720 ]
K_LEFT: !!opencv-matrix
     rows: 3
     cols: 3
     dt: d
     data: [ 7.1472084831998973e+02, 0., 6.4586951237471135e+02, 0., 
             7.1574314677982011e+02, 3.4392538169831840e+02, 0., 0., 
             1.0000000000000000e+00 ]
K_RIGHT: !!opencv-matrix
     rows: 3
     cols: 3
     dt: d
     data: [ 7.1372731008745814e+02, 0., 6.2276406180709569e+02, 0., 
             7.1443556762802837e+02, 3.4867492079613504e+02, 0., 0., 
             1.0000000000000000e+00 ]
D_LEFT: !!opencv-matrix
     rows: 1
     cols: 8
     dt: d
     data: [ 1.5095611541139597e-01, 9.0470938455102612e-01, 
             -1.0726802421600375e-02, 1.1187670775537128e-02, 
             -8.5362122357463366e-01, 0., 0., 0. ]
D_RIGHT: !!opencv-matrix
     rows: 1
     cols: 8
     dt: d
     data: [ 1.7906799130367992e-01, 7.5057314422583876e-01, 
             -6.5515511931337886e-03, 1.8582108351413351e-03, 
             -7.3267659125765028e-01, 0., 0., 0. ]
R: !!opencv-matrix
     rows: 3
     cols: 1
     dt: d
     data: [ 7.6736716651845116e-03, 1.8638378399661249e-02, 
             1.8231788565748488e-03 ]
T: !!opencv-matrix
     rows: 3
     cols: 1
     dt: d
     data: [ -1.1992064808189357e+02, -8.7546312148216537e-02, 
             1.2479460459288325e+00 ]